-5.000000000000000278e-02 -3.888888888888888951e-02
-2.777777777777777971e-02 -1.666666666666666990e-02
-5.555555555555556635e-03 5.555555555555556635e-03
1.666666666666666297e-02 2.777777777777777624e-02
3.888888888888888951e-02 5.000000000000000278e-02
2.976249688484993161e-01 4.756972621860192652e-01
6.409187681415107196e-01 7.946551813005305887e-01
9.380862972191095217e-01 -1.222921877105647148e+00
-1.034814255737177113e+00 -8.990873963601193619e-01
-7.924410049504937437e-01 -7.553082043839676185e-01
