-3.000000000000000000e+00 -2.877551020408163129e+00
-2.755102040816326703e+00 -2.632653061224489832e+00
-2.510204081632652962e+00 -2.387755102040816091e+00
-2.265306122448979664e+00 -2.142857142857142794e+00
-2.020408163265305923e+00 -1.897959183673469497e+00
-1.775510204081632626e+00 -1.653061224489795977e+00
-1.530612244897959329e+00 -1.408163265306122458e+00
-1.285714285714285809e+00 -1.163265306122448939e+00
-1.040816326530612290e+00 -9.183673469387754196e-01
-7.959183673469389930e-01 -6.734693877551021224e-01
-5.510204081632652517e-01 -4.285714285714288252e-01
-3.061224489795919546e-01 -1.836734693877550839e-01
-6.122448979591865736e-02 6.122448979591821328e-02
1.836734693877550839e-01 3.061224489795919546e-01
4.285714285714283811e-01 5.510204081632652517e-01
6.734693877551021224e-01 7.959183673469385489e-01
9.183673469387754196e-01 1.040816326530611846e+00
1.163265306122449161e+00 1.285714285714285587e+00
1.408163265306122014e+00 1.530612244897959329e+00
1.653061224489795755e+00 1.775510204081632182e+00
1.897959183673469497e+00 2.020408163265305923e+00
2.142857142857142350e+00 2.265306122448979664e+00
2.387755102040816091e+00 2.510204081632652517e+00
2.632653061224489832e+00 2.755102040816326259e+00
2.877551020408162685e+00 3.000000000000000000e+00
2.519545150331184757e+00 2.495563708765194288e+00
2.469106667897305485e+00 2.439780089554111520e+00
2.407087125691480534e+00 2.370434902967650359e+00
2.329063242554775037e+00 2.282011233396968652e+00
2.228049962122799599e+00 2.165548802100305537e+00
2.092362310663236968e+00 2.005536037796499471e+00
1.900912969309784817e+00 1.772476914188552577e+00
1.611161651948604945e+00 1.402561706395071717e+00
1.122350871266245775e+00 7.258175288840950090e-01
1.207558869963474280e-01 -9.182894707485975694e-01
-3.124447043619332121e+00 -1.100073599650415801e+01
-4.399466519633104156e+01 -3.908560862440021211e+00
1.030705558319888748e-01 1.632076761618381777e+00
2.440712011919643487e+00 2.921310662075721432e+00
3.211676064378389039e+00 3.382001587263346210e+00
3.476237306261894755e+00 3.523478380377171426e+00
3.542437739464210811e+00 3.544709552969516064e+00
3.537310206125831247e+00 3.524484723965961575e+00
3.508799745758343303e+00 3.491788457681347602e+00
3.474382139825295202e+00 3.457146722384046633e+00
3.440385848270545832e+00 3.424290376249774503e+00
3.408945316397199665e+00 3.394387012018824201e+00
3.380601293592814027e+00 3.367581232503772615e+00
3.355289406785042505e+00 3.343689630212811181e+00
3.332740036325587685e+00 3.322395488185221346e+00
