-3.800000000000000044e-01 -3.660606060606060863e-01
-3.521212121212121127e-01 -3.381818181818181945e-01
-3.242424242424242209e-01 -3.103030303030303028e-01
-2.963636363636363846e-01 -2.824242424242424665e-01
-2.684848484848484929e-01 -2.545454545454545192e-01
-2.406060606060606011e-01 -2.266666666666666829e-01
-2.127272727272727371e-01 -1.987878787878787912e-01
-1.848484848484848730e-01 -1.709090909090909272e-01
-1.569696969696969813e-01 -1.430303030303030354e-01
-1.290909090909090895e-01 -1.151515151515151714e-01
-1.012121212121211977e-01 -8.727272727272727959e-02
-7.333333333333336146e-02 -5.939393939393938782e-02
-4.545454545454546968e-02 -3.151515151515155155e-02
-1.757575757575757791e-02 -3.636363636363659779e-03
1.030303030303025835e-02 2.424242424242423199e-02
3.818181818181815013e-02 5.212121212121212377e-02
6.606060606060604190e-02 7.999999999999996003e-02
9.393939393939393367e-02 1.078787878787878518e-01
1.218181818181818254e-01 1.357575757575757436e-01
1.496969696969696617e-01 1.636363636363635798e-01
1.775757575757576090e-01 1.915151515151515271e-01
2.054545454545454453e-01 2.193939393939393634e-01
2.333333333333332815e-01 2.472727272727271997e-01
2.612121212121212288e-01 2.751515151515151469e-01
2.890909090909090651e-01 3.030303030303029832e-01
3.169696969696969013e-01 3.309090909090909305e-01
3.448484848484848486e-01 3.587878787878787668e-01
3.727272727272726849e-01 3.866666666666666030e-01
4.006060606060605211e-01 4.145454545454545503e-01
4.284848484848484684e-01 4.424242424242423866e-01
4.563636363636363047e-01 4.703030303030302228e-01
4.842424242424242520e-01 4.981818181818181701e-01
5.121212121212120882e-01 5.260606060606060064e-01
5.399999999999999245e-01 5.539393939393939537e-01
5.678787878787878718e-01 5.818181818181817899e-01
5.957575757575757081e-01 6.096969696969696262e-01
6.236363636363636553e-01 6.375757575757575735e-01
6.515151515151514916e-01 6.654545454545454097e-01
6.793939393939393279e-01 6.933333333333332460e-01
7.072727272727271641e-01 7.212121212121210823e-01
7.351515151515152224e-01 7.490909090909091406e-01
7.630303030303030587e-01 7.769696969696969768e-01
7.909090909090908950e-01 8.048484848484848131e-01
8.187878787878787312e-01 8.327272727272726494e-01
8.466666666666665675e-01 8.606060606060604856e-01
8.745454545454544037e-01 8.884848484848485439e-01
9.024242424242424621e-01 9.163636363636363802e-01
9.303030303030302983e-01 9.442424242424242165e-01
9.581818181818181346e-01 9.721212121212120527e-01
9.860606060606059708e-01 1.000000000000000000e+00
-2.556978340128105387e+01 -3.774376807256145128e+01
nan 1.000000000000000000e+00
1.000000000000000000e+00 -5.289060173126936348e+01
-3.106514952051849576e+01 -2.118938030962388908e+01
-1.556165808203174450e+01 -1.192315347960999894e+01
-9.379093822182619888e+00 -7.500053493907890001e+00
-6.055374664829182407e+00 -4.909513405851724244e+00
-3.979062347891903606e+00 -3.208405787888958471e+00
-2.559459861254822943e+00 -2.005443628255323851e+00
-1.526965527775179243e+00 -1.109564583069936550e+00
-7.422456966677632995e-01 -4.164708838693200743e-01
-1.255472845672149784e-01 1.358812141765279868e-01
3.721226293053052636e-01 5.866943493071217208e-01
7.824789016887904181e-01 9.618930437709866110e-01
-1.131086529027762744e+00 -9.389706013839529408e-01
-7.982486608601380151e-01 -7.817521954060320244e-01
-5.124433191643824603e-01 -3.628497239473507108e-01
-2.344447268923157690e-01 -1.206680374404489609e-01
-4.170059988996155376e-02 9.002085453895514178e-02
1.903126918036316395e-01 2.830640426314828817e-01
3.706661870775470602e-01 4.551814351233428591e-01
5.408163517421314959e-01 6.512732591738480403e-01
6.726034637572275710e-01 6.753403666847312969e-01
6.763838164570681322e-01 6.385423979528932481e-01
4.307650408569647649e-01 8.035502261433808968e-01
9.663754348195057187e-01 1.110071550926668760e+00
1.093397750456869488e+00 1.261305090014990249e+00
1.412559282312251030e+00 1.816983098128588825e+00
1.546401001471624292e+00 1.517572996115543305e+00
1.519676562763244032e+00 1.532023209694563404e+00
1.548114064696905379e+00 1.564583713320284009e+00
1.578653412354168672e+00 1.586587279687520891e+00
1.580659708767426563e+00 1.534152831145240148e+00
1.402450271477716282e+00 1.680932902606972368e+00
1.810555365834459085e+00 1.915695504887243938e+00
2.013055897071801326e+00 2.109353123106027184e+00
2.208995954832337905e+00 2.316335321788500323e+00
2.437139143933311214e+00 2.581160388133337591e+00
2.769158033379744310e+00 3.064590893241745828e+00
4.278920481054994340e+00 3.159668025605582020e+00
2.892896706633700354e+00 2.749046058445678398e+00
2.653894392467684327e+00 2.584935357397371014e+00
2.532305177115281580e+00 2.490807960977922342e+00
2.457365071160368064e+00 2.430049692289231622e+00
2.407502098350247088e+00 2.388816645046386355e+00
2.373302362101734175e+00 2.360452946720879908e+00
2.349883464085939622e+00 2.341275847357621842e+00
2.334393246557364243e+00 2.329035858264926873e+00
2.325076217741890439e+00 2.322357225255536672e+00
2.320786439579687332e+00 2.320280521003633023e+00
