-1.000000000000000000e+00 -9.591836734693877098e-01
-9.183673469387755306e-01 -8.775510204081632404e-01
-8.367346938775510612e-01 -7.959183673469387710e-01
-7.551020408163264808e-01 -7.142857142857143016e-01
-6.734693877551021224e-01 -6.326530612244898322e-01
-5.918367346938775420e-01 -5.510204081632653628e-01
-5.102040816326530726e-01 -4.693877551020408934e-01
-4.285714285714286031e-01 -3.877551020408164240e-01
-3.469387755102041337e-01 -3.061224489795918435e-01
-2.653061224489796643e-01 -2.244897959183673741e-01
-1.836734693877551949e-01 -1.428571428571429047e-01
-1.020408163265307255e-01 -6.122448979591843532e-02
-2.040816326530614511e-02 2.040816326530614511e-02
6.122448979591821328e-02 1.020408163265305035e-01
1.428571428571427937e-01 1.836734693877550839e-01
2.244897959183671521e-01 2.653061224489794423e-01
3.061224489795917325e-01 3.469387755102040227e-01
3.877551020408163129e-01 4.285714285714283811e-01
4.693877551020406713e-01 5.102040816326529615e-01
5.510204081632652517e-01 5.918367346938773199e-01
6.326530612244896101e-01 6.734693877551019003e-01
7.142857142857141906e-01 7.551020408163264808e-01
7.959183673469385489e-01 8.367346938775508391e-01
8.775510204081631294e-01 9.183673469387754196e-01
9.591836734693877098e-01 1.000000000000000000e+00
1.006253463436899587e+00 8.751227152325081748e-01
7.258175230454702032e-01 5.542505048640791188e-01
3.550112367001192482e-01 1.207557803736821755e-01
-1.586851306177499144e-01 -4.978499273656822321e-01
-9.182894707485975694e-01 -1.453264980008026175e+00
-2.157048750439219731e+00 -3.124446805213739076e+00
-4.537974324309499430e+00 -6.800240272105320116e+00
-1.100073593080483647e+01 -2.149888040192248440e+01
nan -4.399466578222875768e+01
-1.460115928836850507e+01 -7.250149361990917640e+00
-3.908560922902037937e+00 -1.999070434900321214e+00
-7.628409508752591606e-01 1.030704741803070146e-01
7.440934315273258770e-01 -9.855294950918276342e-01
-5.738890186476524047e-01 -1.666070803434491765e-01
1.422781574102336410e-01 4.078613870084408788e-01
7.524781605198744838e-01 6.718753294795707376e-01
8.438904922563679190e-01 1.127789889303822513e+00
1.905773184184222924e+00 1.519732540436968371e+00
1.563543349116001124e+00 1.582852057782258015e+00
1.646206050309960478e+00 1.986001050897350684e+00
2.277237300068419401e+00 2.681596674084708365e+00
3.448017556530273531e+00 2.703822815591170325e+00
2.516302268001836762e+00 2.423116701969144415e+00
2.370323893689932682e+00 2.340183704574824830e+00
2.324839374403703918e+00 2.320280521003633023e+00
