-1.000000000000000000e+00 -1.000000000000000000e+00
-1.000000000000000000e+00 -1.000000000000000000e+00
-1.000000000000000000e+00 -1.000000000000000000e+00
-1.000000000000000000e+00 -1.000000000000000000e+00
-1.000000000000000000e+00 -1.000000000000000000e+00
-1.000000000000000000e+00 -1.000000000000000000e+00
-1.000000000000000000e+00 -1.000000000000000000e+00
-1.000000000000000000e+00 -1.000000000000000000e+00
-1.000000000000000000e+00 -1.000000000000000000e+00
-1.000000000000000000e+00 -1.000000000000000000e+00
-1.000000000000000000e+00 -1.000000000000000000e+00
-1.000000000000000000e+00 -1.000000000000000000e+00
-1.000000000000000000e+00 -1.000000000000000000e+00
-1.000000000000000000e+00 -1.000000000000000000e+00
-1.000000000000000000e+00 -1.000000000000000000e+00
-1.000000000000000000e+00 -1.000000000000000000e+00
-1.000000000000000000e+00 -1.000000000000000000e+00
-1.000000000000000000e+00 -1.000000000000000000e+00
-1.000000000000000000e+00 -1.000000000000000000e+00
-1.000000000000000000e+00 -1.000000000000000000e+00
-1.000000000000000000e+00 -1.000000000000000000e+00
-1.000000000000000000e+00 -1.000000000000000000e+00
-1.000000000000000000e+00 -1.000000000000000000e+00
-1.000000000000000000e+00 -1.000000000000000000e+00
-1.000000000000000000e+00 -1.000000000000000000e+00
-1.000000000000000000e+00 -1.000000000000000000e+00
-1.000000000000000000e+00 -1.000000000000000000e+00
-1.000000000000000000e+00 -1.000000000000000000e+00
-1.000000000000000000e+00 -1.000000000000000000e+00
-1.000000000000000000e+00 -1.000000000000000000e+00
-1.000000000000000000e+00 -1.000000000000000000e+00
-1.000000000000000000e+00 -1.000000000000000000e+00
-1.000000000000000000e+00 -1.000000000000000000e+00
-1.000000000000000000e+00 -1.000000000000000000e+00
-1.000000000000000000e+00 -1.000000000000000000e+00
-1.000000000000000000e+00 -1.000000000000000000e+00
-1.000000000000000000e+00 -1.000000000000000000e+00
-1.000000000000000000e+00 -1.000000000000000000e+00
-1.000000000000000000e+00 -1.000000000000000000e+00
-1.000000000000000000e+00 -1.000000000000000000e+00
-1.000000000000000000e+00 -1.000000000000000000e+00
-1.000000000000000000e+00 -1.000000000000000000e+00
-1.000000000000000000e+00 -1.000000000000000000e+00
-1.000000000000000000e+00 -1.000000000000000000e+00
-1.000000000000000000e+00 -1.000000000000000000e+00
-1.000000000000000000e+00 -1.000000000000000000e+00
-1.000000000000000000e+00 -1.000000000000000000e+00
-1.000000000000000000e+00 -1.000000000000000000e+00
-1.000000000000000000e+00 -1.000000000000000000e+00
-1.000000000000000000e+00 -1.000000000000000000e+00
1.006253463436899587e+00 1.006253463436899587e+00
1.006253463436899587e+00 1.006253463436899587e+00
1.006253463436899587e+00 1.006253463436899587e+00
1.006253463436899587e+00 1.006253463436899587e+00
1.006253463436899587e+00 1.006253463436899587e+00
1.006253463436899587e+00 1.006253463436899587e+00
1.006253463436899587e+00 1.006253463436899587e+00
1.006253463436899587e+00 1.006253463436899587e+00
1.006253463436899587e+00 1.006253463436899587e+00
1.006253463436899587e+00 1.006253463436899587e+00
1.006253463436899587e+00 1.006253463436899587e+00
1.006253463436899587e+00 1.006253463436899587e+00
1.006253463436899587e+00 1.006253463436899587e+00
1.006253463436899587e+00 1.006253463436899587e+00
1.006253463436899587e+00 1.006253463436899587e+00
1.006253463436899587e+00 1.006253463436899587e+00
1.006253463436899587e+00 1.006253463436899587e+00
1.006253463436899587e+00 1.006253463436899587e+00
1.006253463436899587e+00 1.006253463436899587e+00
1.006253463436899587e+00 1.006253463436899587e+00
1.006253463436899587e+00 1.006253463436899587e+00
1.006253463436899587e+00 1.006253463436899587e+00
1.006253463436899587e+00 1.006253463436899587e+00
1.006253463436899587e+00 1.006253463436899587e+00
1.006253463436899587e+00 1.006253463436899587e+00
1.006253463436899587e+00 1.006253463436899587e+00
1.006253463436899587e+00 1.006253463436899587e+00
1.006253463436899587e+00 1.006253463436899587e+00
1.006253463436899587e+00 1.006253463436899587e+00
1.006253463436899587e+00 1.006253463436899587e+00
1.006253463436899587e+00 1.006253463436899587e+00
1.006253463436899587e+00 1.006253463436899587e+00
1.006253463436899587e+00 1.006253463436899587e+00
1.006253463436899587e+00 1.006253463436899587e+00
1.006253463436899587e+00 1.006253463436899587e+00
1.006253463436899587e+00 1.006253463436899587e+00
1.006253463436899587e+00 1.006253463436899587e+00
1.006253463436899587e+00 1.006253463436899587e+00
1.006253463436899587e+00 1.006253463436899587e+00
1.006253463436899587e+00 1.006253463436899587e+00
1.006253463436899587e+00 1.006253463436899587e+00
1.006253463436899587e+00 1.006253463436899587e+00
1.006253463436899587e+00 1.006253463436899587e+00
1.006253463436899587e+00 1.006253463436899587e+00
1.006253463436899587e+00 1.006253463436899587e+00
1.006253463436899587e+00 1.006253463436899587e+00
1.006253463436899587e+00 1.006253463436899587e+00
1.006253463436899587e+00 1.006253463436899587e+00
1.006253463436899587e+00 1.006253463436899587e+00
1.006253463436899587e+00 1.006253463436899587e+00
