-3.000000000000000000e+00 -2.979797979797979668e+00
-2.959595959595959780e+00 -2.939393939393939448e+00
-2.919191919191919116e+00 -2.898989898989898784e+00
-2.878787878787878896e+00 -2.858585858585858563e+00
-2.838383838383838231e+00 -2.818181818181818343e+00
-2.797979797979798011e+00 -2.777777777777777679e+00
-2.757575757575757791e+00 -2.737373737373737459e+00
-2.717171717171717127e+00 -2.696969696969696795e+00
-2.676767676767676907e+00 -2.656565656565656575e+00
-2.636363636363636243e+00 -2.616161616161615910e+00
-2.595959595959596022e+00 -2.575757575757575690e+00
-2.555555555555555358e+00 -2.535353535353535470e+00
-2.515151515151515138e+00 -2.494949494949494806e+00
-2.474747474747474918e+00 -2.454545454545454586e+00
-2.434343434343434254e+00 -2.414141414141414366e+00
-2.393939393939394034e+00 -2.373737373737373701e+00
-2.353535353535353369e+00 -2.333333333333333037e+00
-2.313131313131313149e+00 -2.292929292929292817e+00
-2.272727272727272485e+00 -2.252525252525252597e+00
-2.232323232323232265e+00 -2.212121212121211933e+00
-2.191919191919192045e+00 -2.171717171717171713e+00
-2.151515151515151381e+00 -2.131313131313131493e+00
-2.111111111111111160e+00 -2.090909090909090828e+00
-2.070707070707070496e+00 -2.050505050505050164e+00
-2.030303030303030276e+00 -2.010101010101009944e+00
-1.989898989898989834e+00 -1.969696969696969502e+00
-1.949494949494949392e+00 -1.929292929292929282e+00
-1.909090909090908950e+00 -1.888888888888888840e+00
-1.868686868686868507e+00 -1.848484848484848397e+00
-1.828282828282828287e+00 -1.808080808080807955e+00
-1.787878787878787845e+00 -1.767676767676767513e+00
-1.747474747474747403e+00 -1.727272727272727071e+00
-1.707070707070706961e+00 -1.686868686868686851e+00
-1.666666666666666519e+00 -1.646464646464646409e+00
-1.626262626262626076e+00 -1.606060606060605966e+00
-1.585858585858585634e+00 -1.565656565656565524e+00
-1.545454545454545414e+00 -1.525252525252525082e+00
-1.505050505050504972e+00 -1.484848484848484640e+00
-1.464646464646464530e+00 -1.444444444444444420e+00
-1.424242424242424088e+00 -1.404040404040403978e+00
-1.383838383838383645e+00 -1.363636363636363535e+00
-1.343434343434343203e+00 -1.323232323232323093e+00
-1.303030303030302983e+00 -1.282828282828282651e+00
-1.262626262626262541e+00 -1.242424242424242209e+00
-1.222222222222222099e+00 -1.202020202020201767e+00
-1.181818181818181657e+00 -1.161616161616161547e+00
-1.141414141414141215e+00 -1.121212121212121104e+00
-1.101010101010100772e+00 -1.080808080808080662e+00
-1.060606060606060552e+00 -1.040404040404040220e+00
-1.020202020202020110e+00 -1.000000000000000000e+00
2.519545150331184757e+00 2.515742707767920194e+00
2.511882621848916308e+00 2.507961265758281044e+00
2.503977124757521100e+00 2.499929602225111402e+00
2.495819800492342200e+00 2.491637144857272723e+00
2.487391780688510856e+00 2.483070954540645303e+00
2.478675633482931850e+00 2.474211781232510177e+00
2.469671796743713177e+00 2.465049465817875429e+00
2.460352285276955264e+00 2.455567582453316966e+00
2.450706941281087126e+00 2.445751720440817678e+00
2.440712011919645708e+00 2.435585247076936355e+00
2.430359973332018697e+00 2.425043233262047959e+00
2.419621424221742867e+00 2.414103066209162041e+00
2.408480138638918078e+00 2.402754042208153695e+00
2.396914702425654298e+00 2.390961046096649945e+00
2.384890072684968665e+00 2.378704967864639919e+00
2.372392038251653901e+00 2.365955119418249097e+00
2.359384985672983603e+00 2.352682677745181472e+00
2.345837589455546546e+00 2.338851461718095770e+00
2.331721206691053094e+00 2.324433295099654018e+00
2.316993895622461608e+00 2.309386927734927042e+00
2.301616041867518447e+00 2.293672403090206924e+00
2.285548770238261973e+00 2.277240710784508515e+00
2.268741530518227911e+00 2.260045087988453716e+00
2.251143143716019424e+00 2.242028888205344739e+00
2.232699669653984031e+00 2.223140254028921348e+00
2.213344108792292708e+00 2.203306111792588950e+00
2.193018020506113608e+00 2.182461583937652883e+00
2.171637945116092538e+00 2.160528030625600948e+00
2.149121403947520825e+00 2.137413108824769203e+00
2.125382412087674311e+00 2.113024875319622353e+00
2.100320672447086423e+00 2.087257791945243746e+00
2.073816412888126681e+00 2.059984462581900821e+00
2.045746243379834794e+00 2.031084209167929089e+00
2.015968864010877937e+00 2.000392251021848367e+00
1.984328482722971021e+00 1.967756189123628374e+00
1.950646555225025169e+00 1.932975042401972932e+00
1.914715591731685596e+00 1.895839562843219195e+00
1.876311221450454703e+00 1.856097994581433319e+00
1.835166912834510056e+00 1.813473965688969569e+00
1.790981466150401324e+00 1.767643332248666876e+00
1.743410823786828878e+00 1.718232156748719541e+00
1.692051120545370768e+00 1.664807503136161770e+00
1.636433460258933437e+00 1.606859551273027709e+00
1.576008386991040400e+00 1.543793653053041171e+00
1.510124823150930107e+00 1.474900650216498743e+00
1.438011108794268633e+00 1.399334254024564128e+00
1.358739041082557719e+00 1.316077064368295080e+00
1.271186840906213700e+00 1.223888052788952185e+00
1.173981456322247929e+00 1.121244444693648035e+00
1.065433329019328301e+00 1.006253463436899587e+00
